point0:(0.0775615,-0.219023,3.2604)
point1:(0.0954893,-0.308682,2.86409)
point2:(0.102232,-0.329506,2.84025)
point3:(0.118147,-0.33354,2.84896)
point4:(0.0523611,-0.236655,3.01082)
point5:(0.0291285,-0.204161,3.09682)
point6:(0.00271852,-0.16712,3.19004)
point7:(0.0598326,-0.343974,3.12311)
point8:(-0.162976,-0.157974,3.61257)
point9:(0.078334,-0.139334,4.24902)
point10:(-0.0679074,-0.123952,4.89452)
point11:(0.161406,0.198346,2.59214)
point12:(-0.439021,0.341313,2.029)
point13:(0.41839,0.354718,1.76865)
point14:(-0.580061,0.67005,1.48698)
point15:(0.684734,0.46469,1.43155)
point16:(-0.334177,0.852354,1.38419)
point17:(0.778974,0.489228,1.34323)
point18:(-0.257918,0.935939,1.33463)
point19:(0.78223,0.4814,1.35009)
point20:(-0.196399,0.898451,1.36294)
point21:(0.732489,0.460222,1.40159)
point22:(-0.229515,0.869166,1.37972)
point23:(-0.034042,0.716815,1.48435)
point24:(-0.374447,0.731201,1.42662)
point25:(-0.0419348,0.975331,1.24546)
point26:(-0.325834,1.01604,1.2189)
point27:(-0.146368,1.16964,1.14439)
point28:(-0.383001,1.21968,1.12803)
point29:(-0.181794,1.19725,1.13419)
point30:(-0.425157,1.25335,1.11771)
point31:(-0.0945779,1.21337,1.11971)
point32:(-0.288522,1.2508,1.11203)


point0:(-0.077532,0.21894,-3.25916) -1.50146
point1:(-0.0744672,0.240725,-2.23356) -1.91697
point2:(-0.0766226,0.254229,-2.1695) -1.9452
point3:(-0.0774514,0.267281,-2.12514) -1.96398
point4:(-0.0360465,0.218219,-2.58144) -1.78672
point5:(-0.00795259,0.21464,-2.77845) -1.7246
point6:(0.0274456,0.211171,-3.03862) -1.64761
point7:(-0.0232402,0.329157,-2.57773) -1.75267
point8:(0.248452,0.265405,-4.79176) -1.23859
point9:(-0.028402,0.300692,-5.40724) -1.0935
point10:(0.112429,0.205079,-8.09138) -0.900648
point11:(-0.117715,-0.38183,5.69849) 0.855512
point12:(-0.334803,0.217229,1.468) 2.12154
point13:(0.197501,-0.0538814,1.89453) 1.71367
point14:(-0.260116,0.258314,0.629359) 3.69393
point15:(0.520803,0.0793327,1.6335) 1.58494
point16:(-0.160388,0.353025,0.610102) 3.54885
point17:(0.643585,0.0846739,1.60941) 1.51867
point18:(-0.130646,0.395515,0.600179) 3.48421
point19:(0.71,0.122426,1.71213) 1.41393
point20:(-0.109693,0.402521,0.651961) 3.27373
point21:(0.635859,0.119015,1.70353) 1.46036
point22:(-0.121894,0.382289,0.646345) 3.33865
point23:(-0.0782979,0.173679,0.591639) 3.98498
point24:(-0.142111,0.222535,0.484577) 4.47921
point25:(-0.0571835,0.201326,0.356909) 5.50563
point26:(-0.102111,0.230932,0.314498) 5.98525
point27:(-0.0613452,0.211647,0.2556) 6.97593
point28:(-0.0914625,0.232473,0.234151) 7.43271
point29:(-0.0654482,0.210475,0.242869) 7.26573
point30:(-0.0948849,0.232105,0.222693) 7.73792
point31:(-0.0457684,0.220711,0.243875) 7.14132
point32:(-0.0717091,0.232381,0.22651) 7.57213